
-------------------------------------------------------------------------------------------------------------------------------------------------------------------------------------------------------------------------------------------------------------
                                               child_agedeath_1m                    child_agedeath_2m                   child_agedeath_3m                   child_agedeath_4m                   child_agedeath_5m                   child_agedeath_6m        
                                     ------------------------------------   ---------------------------------   ---------------------------------   ---------------------------------   ---------------------------------   ---------------------------------
                                            (1)          (2)          (3)         (4)         (5)         (6)         (7)         (8)         (9)        (10)        (11)        (12)        (13)        (14)        (15)        (16)        (17)        (18)
-------------------------------------------------------------------------------------------------------------------------------------------------------------------------------------------------------------------------------------------------------------
spi1_inutero_1m_m_avg_neg_int             0.176        0.150        0.122      -0.109      -0.115      -0.101       0.062       0.071       0.037       0.173       0.161      0.181*      -0.014       0.018      -0.006      -0.046      -0.042      -0.036
                                        (0.273)      (0.266)      (0.263)     (0.107)     (0.103)     (0.103)     (0.098)     (0.098)     (0.091)     (0.096)     (0.088)     (0.088)     (0.081)     (0.084)     (0.077)     (0.080)     (0.078)     (0.075)
spi1_inutero_1m_m_avg_pos_int             0.536       0.528*        0.493      0.222*      0.198*      0.200*      -0.046      -0.025       0.001      -0.087      -0.063      -0.060      -0.057      -0.059      -0.054      -0.136      -0.123      -0.089
                                        (0.282)      (0.265)      (0.278)     (0.106)     (0.100)     (0.101)     (0.096)     (0.090)     (0.085)     (0.094)     (0.095)     (0.088)     (0.079)     (0.080)     (0.075)     (0.077)     (0.070)     (0.070)
spi1_inutero_2m_m_avg_neg_int             0.499        0.498        0.538       0.057       0.099       0.103      -0.112      -0.075      -0.087      -0.073      -0.087      -0.053      -0.068      -0.066      -0.067      -0.109      -0.108      -0.109
                                        (0.268)      (0.271)      (0.288)     (0.103)     (0.093)     (0.105)     (0.096)     (0.092)     (0.090)     (0.106)     (0.098)     (0.100)     (0.081)     (0.079)     (0.081)     (0.076)     (0.075)     (0.082)
spi1_inutero_2m_m_avg_pos_int             0.005        0.013        0.013       0.012       0.005       0.011       0.055       0.052       0.053       0.057       0.069       0.051      -0.016      -0.009       0.003       0.004       0.017       0.012
                                        (0.280)      (0.272)      (0.252)     (0.100)     (0.102)     (0.098)     (0.100)     (0.097)     (0.097)     (0.099)     (0.095)     (0.097)     (0.083)     (0.085)     (0.077)     (0.072)     (0.066)     (0.067)
spi1_inutero_3m_m_avg_neg_int            -0.284       -0.124       -0.095       0.025       0.007       0.054      0.227*      0.210*      0.233*       0.044       0.057       0.031      -0.035      -0.022      -0.031      -0.020      -0.030      -0.023
                                        (0.278)      (0.265)      (0.276)     (0.103)     (0.098)     (0.094)     (0.094)     (0.098)     (0.093)     (0.099)     (0.095)     (0.091)     (0.084)     (0.082)     (0.089)     (0.081)     (0.074)     (0.078)
spi1_inutero_3m_m_avg_pos_int             0.349        0.240        0.245       0.049       0.039       0.035      -0.059      -0.048      -0.058      -0.053      -0.033      -0.025       0.014       0.015      -0.014      -0.069      -0.043      -0.033
                                        (0.281)      (0.278)      (0.280)     (0.100)     (0.105)     (0.101)     (0.095)     (0.095)     (0.095)     (0.098)     (0.094)     (0.087)     (0.079)     (0.080)     (0.083)     (0.074)     (0.070)     (0.068)
spi1_inutero_4m_m_avg_neg_int            -0.112       -0.052        0.009      -0.116      -0.105      -0.129      -0.105      -0.087      -0.119       0.082       0.037       0.033      -0.042      -0.048      -0.034       0.088       0.083       0.076
                                        (0.272)      (0.270)      (0.281)     (0.104)     (0.107)     (0.096)     (0.101)     (0.097)     (0.103)     (0.094)     (0.094)     (0.094)     (0.082)     (0.074)     (0.074)     (0.076)     (0.070)     (0.071)
spi1_inutero_4m_m_avg_pos_int            -0.166       -0.197       -0.193      0.254*      0.251*      0.255*      -0.074      -0.074      -0.028      -0.123      -0.118      -0.134       0.033       0.052       0.046      -0.037      -0.033      -0.043
                                        (0.285)      (0.270)      (0.274)     (0.111)     (0.108)     (0.114)     (0.097)     (0.095)     (0.086)     (0.097)     (0.092)     (0.090)     (0.079)     (0.073)     (0.075)     (0.074)     (0.071)     (0.072)
spi1_inutero_5m_m_avg_neg_int             0.289        0.339        0.338      -0.022       0.001      -0.049      -0.039      -0.017      -0.022      0.216*       0.151       0.157       0.148       0.136       0.122      -0.010      -0.017      -0.017
                                        (0.273)      (0.276)      (0.288)     (0.103)     (0.101)     (0.100)     (0.101)     (0.096)     (0.095)     (0.100)     (0.096)     (0.098)     (0.083)     (0.084)     (0.076)     (0.081)     (0.073)     (0.079)
spi1_inutero_5m_m_avg_pos_int            -0.201       -0.223       -0.244       0.094       0.119       0.123       0.033       0.025       0.001      -0.055      -0.025      -0.044       0.012      -0.005       0.011       0.061       0.050       0.056
                                        (0.282)      (0.275)      (0.298)     (0.108)     (0.107)     (0.105)     (0.096)     (0.095)     (0.087)     (0.100)     (0.097)     (0.101)     (0.084)     (0.081)     (0.080)     (0.076)     (0.076)     (0.068)
spi1_inutero_6m_m_avg_neg_int             0.018        0.044        0.076      -0.061      -0.037      -0.041      -0.079      -0.079      -0.122      -0.178      -0.183      -0.174      -0.096      -0.080      -0.093      -0.073      -0.038      -0.041
                                        (0.274)      (0.269)      (0.257)     (0.107)     (0.106)     (0.101)     (0.095)     (0.098)     (0.094)     (0.105)     (0.100)     (0.109)     (0.084)     (0.084)     (0.083)     (0.080)     (0.081)     (0.075)
spi1_inutero_6m_m_avg_pos_int             0.141        0.083        0.035      -0.135      -0.138      -0.145       0.117       0.078       0.075      -0.083      -0.047      -0.038       0.054       0.046       0.056      0.149*       0.130       0.115
                                        (0.282)      (0.281)      (0.262)     (0.111)     (0.102)     (0.116)     (0.096)     (0.093)     (0.089)     (0.100)     (0.096)     (0.099)     (0.083)     (0.084)     (0.078)     (0.074)     (0.071)     (0.072)
spi1_inutero_7m_m_avg_neg_int             0.443        0.296        0.222      -0.159      -0.174      -0.155       0.021      -0.003       0.035     -0.234*      -0.194     -0.187*       0.130       0.115       0.106       0.120       0.098       0.093
                                        (0.269)      (0.272)      (0.266)     (0.105)     (0.100)     (0.100)     (0.095)     (0.095)     (0.089)     (0.103)     (0.101)     (0.093)     (0.082)     (0.077)     (0.079)     (0.074)     (0.075)     (0.069)
spi1_inutero_7m_m_avg_pos_int             0.138        0.046        0.126      -0.001       0.029       0.014       0.184      0.236*      0.204*       0.046       0.059       0.036       0.014       0.005      -0.008      -0.010       0.010      -0.014
                                        (0.280)      (0.278)      (0.263)     (0.108)     (0.103)     (0.104)     (0.098)     (0.092)     (0.090)     (0.091)     (0.094)     (0.090)     (0.080)     (0.077)     (0.076)     (0.072)     (0.076)     (0.068)
spi1_inutero_8m_m_avg_neg_int             0.368        0.399        0.392       0.084       0.085       0.034       0.071       0.077       0.037       0.117       0.082       0.056       0.083       0.095       0.100      -0.046      -0.073      -0.066
                                        (0.269)      (0.281)      (0.276)     (0.103)     (0.104)     (0.103)     (0.098)     (0.092)     (0.088)     (0.097)     (0.097)     (0.091)     (0.084)     (0.079)     (0.075)     (0.073)     (0.070)     (0.067)
spi1_inutero_8m_m_avg_pos_int           -0.603*      -0.547*      -0.545*      -0.085      -0.082      -0.061      -0.158      -0.133      -0.116     -0.194*      -0.168      -0.134      -0.062      -0.070      -0.080       0.048       0.040       0.040
                                        (0.276)      (0.268)      (0.273)     (0.106)     (0.104)     (0.106)     (0.095)     (0.093)     (0.095)     (0.097)     (0.094)     (0.095)     (0.080)     (0.076)     (0.080)     (0.077)     (0.070)     (0.070)
spi1_inutero_9m_m_avg_neg_int            -0.065        0.002        0.055      -0.001       0.007      -0.001       0.078       0.057       0.051       0.081       0.055       0.057      -0.047      -0.074      -0.087    -0.210**    -0.197**    -0.203**
                                        (0.271)      (0.284)      (0.283)     (0.103)     (0.101)     (0.095)     (0.097)     (0.095)     (0.091)     (0.103)     (0.102)     (0.101)     (0.079)     (0.083)     (0.075)     (0.079)     (0.075)     (0.076)
spi1_inutero_9m_m_avg_pos_int             0.285        0.216        0.184      0.229*      0.210*      0.214*      -0.125      -0.086      -0.105      -0.049      -0.010      -0.007      -0.022       0.002      -0.011      -0.032       0.019       0.008
                                        (0.267)      (0.257)      (0.268)     (0.102)     (0.102)     (0.102)     (0.092)     (0.089)     (0.083)     (0.100)     (0.093)     (0.099)     (0.080)     (0.081)     (0.078)     (0.072)     (0.068)     (0.065)
spi1_born_1m_m_avg_neg_int               -0.332       -0.389       -0.391      -0.043      -0.064      -0.093      -0.054      -0.061      -0.077      -0.152      -0.142      -0.119      -0.013      -0.046      -0.053       0.076       0.063       0.083
                                        (0.273)      (0.272)      (0.296)     (0.105)     (0.106)     (0.105)     (0.099)     (0.095)     (0.098)     (0.100)     (0.099)     (0.101)     (0.085)     (0.082)     (0.081)     (0.075)     (0.075)     (0.067)
spi1_born_1m_m_avg_pos_int                0.041       -0.072       -0.027       0.159       0.135       0.156      0.225*      0.240*      0.247*     0.282**    0.302***     0.259**      -0.006      -0.000       0.036      0.170*      0.152*      0.153*
                                        (0.276)      (0.274)      (0.281)     (0.100)     (0.100)     (0.102)     (0.097)     (0.102)     (0.111)     (0.095)     (0.090)     (0.089)     (0.079)     (0.076)     (0.079)     (0.075)     (0.069)     (0.071)
spi1_born_2m_m_avg_neg_int                                                      0.077       0.076       0.072       0.086       0.076       0.059      -0.035       0.018       0.032      -0.028      -0.044      -0.047      0.176*      0.162*      0.156*
                                                                              (0.103)     (0.105)     (0.101)     (0.099)     (0.094)     (0.095)     (0.099)     (0.100)     (0.093)     (0.084)     (0.083)     (0.078)     (0.075)     (0.073)     (0.071)
spi1_born_2m_m_avg_pos_int                                                     -0.045      -0.017      -0.001      -0.005       0.041       0.039      -0.028      -0.031      -0.032       0.073       0.092       0.067      -0.003      -0.027      -0.005
                                                                              (0.102)     (0.102)     (0.088)     (0.096)     (0.093)     (0.088)     (0.096)     (0.087)     (0.086)     (0.084)     (0.080)     (0.075)     (0.075)     (0.069)     (0.063)
spi1_born_3m_m_avg_neg_int                                                                                         -0.053      -0.077      -0.064      -0.063      -0.097      -0.093      -0.075      -0.048      -0.061       0.041       0.038       0.054
                                                                                                                  (0.094)     (0.094)     (0.094)     (0.098)     (0.097)     (0.099)     (0.083)     (0.079)     (0.074)     (0.077)     (0.069)     (0.073)
spi1_born_3m_m_avg_pos_int                                                                                         -0.053      -0.048      -0.062       0.107       0.143       0.141      -0.003      -0.034      -0.040      -0.081      -0.060      -0.064
                                                                                                                  (0.089)     (0.094)     (0.093)     (0.097)     (0.092)     (0.097)     (0.079)     (0.078)     (0.066)     (0.073)     (0.070)     (0.066)
spi1_born_4m_m_avg_neg_int                                                                                                                              0.049       0.071       0.070      -0.011       0.001      -0.029      -0.066      -0.056      -0.046
                                                                                                                                                      (0.098)     (0.096)     (0.095)     (0.079)     (0.075)     (0.079)     (0.076)     (0.074)     (0.077)
spi1_born_4m_m_avg_pos_int                                                                                                                             -0.054      -0.010      -0.021       0.077       0.105       0.128      -0.036      -0.041      -0.011
                                                                                                                                                      (0.100)     (0.096)     (0.094)     (0.081)     (0.077)     (0.079)     (0.072)     (0.074)     (0.070)
spi1_born_5m_m_avg_neg_int                                                                                                                                                                 -0.084      -0.052      -0.049      0.187*      0.171*      0.161*
                                                                                                                                                                                          (0.083)     (0.080)     (0.080)     (0.075)     (0.072)     (0.077)
spi1_born_5m_m_avg_pos_int                                                                                                                                                                  0.009      -0.027      -0.015      -0.102      -0.084      -0.067
                                                                                                                                                                                          (0.079)     (0.082)     (0.073)     (0.076)     (0.073)     (0.071)
spi1_born_6m_m_avg_neg_int                                                                                                                                                                                                     -0.093      -0.095      -0.069
                                                                                                                                                                                                                              (0.080)     (0.081)     (0.078)
spi1_born_6m_m_avg_pos_int                                                                                                                                                                                                     0.155*      0.175*      0.171*
                                                                                                                                                                                                                              (0.077)     (0.079)     (0.072)
stdm_t_inutero_1m_m_avg_neg_int          -0.035       -0.017       -0.097      -0.180      -0.162      -0.148      -0.087      -0.093      -0.124      -0.018       0.009       0.006      -0.033      -0.015      -0.008       0.024       0.001      -0.009
                                        (0.333)      (0.321)      (0.329)     (0.131)     (0.132)     (0.126)     (0.114)     (0.108)     (0.111)     (0.119)     (0.116)     (0.106)     (0.100)     (0.101)     (0.101)     (0.094)     (0.090)     (0.084)
stdm_t_inutero_1m_m_avg_pos_int           0.502        0.509        0.519       0.196       0.164       0.140       0.069       0.137       0.125      -0.097      -0.111      -0.127       0.151       0.173       0.149      -0.065      -0.038      -0.048
                                        (0.348)      (0.358)      (0.332)     (0.132)     (0.131)     (0.116)     (0.117)     (0.111)     (0.130)     (0.118)     (0.112)     (0.116)     (0.100)     (0.099)     (0.097)     (0.085)     (0.083)     (0.085)
hd35_inutero_1m_m_avg                    -0.008       -0.029       -0.078       0.012       0.014       0.015       0.032       0.033       0.041       0.003       0.002      -0.001       0.016       0.007       0.001      -0.013      -0.013      -0.003
                                        (0.079)      (0.071)      (0.072)     (0.034)     (0.029)     (0.023)     (0.028)     (0.026)     (0.027)     (0.027)     (0.025)     (0.023)     (0.022)     (0.019)     (0.020)     (0.019)     (0.017)     (0.018)
id_inutero_1m_m_avg                       0.000        0.000        0.000       0.000       0.000       0.000       0.000       0.000       0.000       0.000       0.000       0.000       0.000       0.000       0.000       0.000       0.000       0.000
                                          (NaN)        (NaN)        (NaN)       (NaN)       (NaN)       (NaN)       (NaN)       (NaN)       (NaN)       (NaN)       (NaN)       (NaN)       (NaN)       (NaN)       (NaN)       (NaN)       (NaN)       (NaN)
stdm_t_inutero_2m_m_avg_neg_int           0.223        0.145        0.106      -0.029      -0.008       0.019      -0.094      -0.077      -0.049      -0.059      -0.105      -0.130      -0.022      -0.027      -0.029      -0.124      -0.110      -0.129
                                        (0.345)      (0.361)      (0.370)     (0.132)     (0.131)     (0.128)     (0.118)     (0.117)     (0.114)     (0.130)     (0.124)     (0.122)     (0.104)     (0.101)     (0.105)     (0.098)     (0.092)     (0.090)
stdm_t_inutero_2m_m_avg_pos_int           0.429        0.153        0.387      -0.063      -0.086      -0.061       0.099       0.086       0.027       0.046       0.047       0.027       0.022      -0.027      -0.002      -0.012      -0.034      -0.009
                                        (0.355)      (0.337)      (0.348)     (0.137)     (0.133)     (0.126)     (0.123)     (0.113)     (0.129)     (0.127)     (0.118)     (0.111)     (0.104)     (0.099)     (0.086)     (0.097)     (0.094)     (0.091)
hd35_inutero_2m_m_avg                     0.035        0.092        0.074       0.047       0.024       0.009     -0.065*     -0.063*      -0.040       0.025       0.025       0.029      -0.032      -0.016      -0.014       0.019       0.020       0.019
                                        (0.083)      (0.079)      (0.072)     (0.034)     (0.032)     (0.030)     (0.029)     (0.027)     (0.023)     (0.030)     (0.027)     (0.027)     (0.023)     (0.021)     (0.020)     (0.020)     (0.020)     (0.018)
id_inutero_2m_m_avg                       0.000        0.000        0.000       0.000       0.000       0.000       0.000       0.000       0.000       0.000       0.000       0.000       0.000       0.000       0.000       0.000       0.000       0.000
                                          (NaN)        (NaN)        (NaN)       (NaN)       (NaN)       (NaN)       (NaN)       (NaN)       (NaN)       (NaN)       (NaN)       (NaN)       (NaN)       (NaN)       (NaN)       (NaN)       (NaN)       (NaN)
stdm_t_inutero_3m_m_avg_neg_int          -0.299       -0.273       -0.237       0.068       0.014       0.028       0.056       0.058       0.067      -0.042      -0.014       0.032      -0.108      -0.103      -0.134      -0.121      -0.094      -0.104
                                        (0.342)      (0.319)      (0.318)     (0.137)     (0.124)     (0.127)     (0.126)     (0.128)     (0.127)     (0.130)     (0.128)     (0.128)     (0.112)     (0.105)     (0.118)     (0.099)     (0.094)     (0.089)
stdm_t_inutero_3m_m_avg_pos_int           0.388        0.417        0.382      -0.106      -0.078      -0.042       0.199       0.168       0.179      -0.059      -0.061      -0.056       0.054       0.094       0.093      0.197*      0.199*      0.190*
                                        (0.368)      (0.365)      (0.331)     (0.138)     (0.132)     (0.134)     (0.119)     (0.118)     (0.117)     (0.120)     (0.121)     (0.112)     (0.101)     (0.101)     (0.103)     (0.092)     (0.092)     (0.095)
hd35_inutero_3m_m_avg                    -0.004        0.053        0.054      -0.032      -0.036      -0.031      -0.003      -0.002      -0.007      -0.036      -0.025      -0.036       0.008       0.012       0.014   -0.063***   -0.060***    -0.054**
                                        (0.081)      (0.074)      (0.070)     (0.032)     (0.028)     (0.029)     (0.030)     (0.027)     (0.023)     (0.028)     (0.026)     (0.025)     (0.023)     (0.020)     (0.020)     (0.019)     (0.018)     (0.017)
id_inutero_3m_m_avg                       0.000        0.000        0.000       0.000       0.000       0.000       0.000       0.000       0.000       0.000       0.000       0.000       0.000       0.000       0.000       0.000       0.000       0.000
                                          (NaN)        (NaN)        (NaN)       (NaN)       (NaN)       (NaN)       (NaN)       (NaN)       (NaN)       (NaN)       (NaN)       (NaN)       (NaN)       (NaN)       (NaN)       (NaN)       (NaN)       (NaN)
stdm_t_inutero_4m_m_avg_neg_int          -0.443       -0.333       -0.352       0.224       0.213       0.188      -0.145      -0.142      -0.126      -0.211      -0.120      -0.146       0.008       0.029       0.028      -0.090      -0.067      -0.075
                                        (0.358)      (0.348)      (0.328)     (0.135)     (0.135)     (0.119)     (0.126)     (0.122)     (0.113)     (0.128)     (0.122)     (0.114)     (0.106)     (0.100)     (0.101)     (0.095)     (0.095)     (0.083)
stdm_t_inutero_4m_m_avg_pos_int           0.004       -0.076        0.045       0.070       0.057       0.026       0.069       0.124       0.115       0.016      -0.050      -0.033      -0.018      -0.061      -0.029       0.035       0.009       0.005
                                        (0.362)      (0.349)      (0.351)     (0.131)     (0.129)     (0.115)     (0.125)     (0.120)     (0.131)     (0.130)     (0.125)     (0.131)     (0.099)     (0.095)     (0.092)     (0.098)     (0.096)     (0.097)
hd35_inutero_4m_m_avg                    -0.067       -0.083       -0.074      -0.026      -0.022      -0.019       0.039       0.029       0.039       0.037       0.035       0.040      -0.007       0.002       0.006       0.004       0.010       0.011
                                        (0.081)      (0.072)      (0.072)     (0.033)     (0.031)     (0.028)     (0.031)     (0.027)     (0.028)     (0.029)     (0.027)     (0.023)     (0.022)     (0.020)     (0.019)     (0.021)     (0.020)     (0.018)
id_inutero_4m_m_avg                       0.000        0.000        0.000       0.000       0.000       0.000       0.000       0.000       0.000       0.000       0.000       0.000       0.000       0.000       0.000       0.000       0.000       0.000
                                          (NaN)        (NaN)        (NaN)       (NaN)       (NaN)       (NaN)       (NaN)       (NaN)       (NaN)       (NaN)       (NaN)       (NaN)       (NaN)       (NaN)       (NaN)       (NaN)       (NaN)       (NaN)
stdm_t_inutero_5m_m_avg_neg_int           0.021        0.121        0.075      -0.120      -0.031      -0.008       0.045       0.091       0.105      -0.125      -0.131      -0.137      -0.067      -0.070      -0.076      -0.076      -0.067      -0.044
                                        (0.350)      (0.338)      (0.356)     (0.133)     (0.128)     (0.125)     (0.124)     (0.120)     (0.128)     (0.127)     (0.120)     (0.122)     (0.101)     (0.097)     (0.096)     (0.099)     (0.092)     (0.096)
stdm_t_inutero_5m_m_avg_pos_int          -0.153       -0.012       -0.029      -0.052      -0.071      -0.071      -0.069      -0.106      -0.105       0.244       0.225       0.204       0.132       0.089       0.112       0.066       0.085       0.099
                                        (0.367)      (0.349)      (0.348)     (0.135)     (0.128)     (0.125)     (0.121)     (0.115)     (0.130)     (0.126)     (0.121)     (0.114)     (0.104)     (0.100)     (0.093)     (0.093)     (0.091)     (0.087)
hd35_inutero_5m_m_avg                     0.095        0.069        0.053       0.016       0.047       0.032      -0.017      -0.002      -0.013       0.012       0.022       0.023       0.010       0.005      -0.001       0.015       0.017       0.007
                                        (0.081)      (0.072)      (0.074)     (0.031)     (0.029)     (0.029)     (0.029)     (0.026)     (0.024)     (0.028)     (0.026)     (0.024)     (0.022)     (0.020)     (0.018)     (0.020)     (0.018)     (0.017)
id_inutero_5m_m_avg                       0.000        0.000        0.000       0.000       0.000       0.000       0.000       0.000       0.000       0.000       0.000       0.000       0.000       0.000       0.000       0.000       0.000       0.000
                                          (NaN)        (NaN)        (NaN)       (NaN)       (NaN)       (NaN)       (NaN)       (NaN)       (NaN)       (NaN)       (NaN)       (NaN)       (NaN)       (NaN)       (NaN)       (NaN)       (NaN)       (NaN)
stdm_t_inutero_6m_m_avg_neg_int           0.295        0.177        0.109      -0.215     -0.292*     -0.307*    -0.358**    -0.366**    -0.350**      -0.045      -0.037      -0.049       0.092       0.089       0.098       0.065       0.072       0.102
                                        (0.336)      (0.332)      (0.314)     (0.138)     (0.132)     (0.121)     (0.121)     (0.123)     (0.124)     (0.125)     (0.124)     (0.127)     (0.106)     (0.112)     (0.097)     (0.097)     (0.091)     (0.091)
stdm_t_inutero_6m_m_avg_pos_int          -0.112       -0.236       -0.130       0.041       0.081       0.045       0.144       0.117       0.049       0.177       0.121       0.143      -0.132      -0.118      -0.116      -0.011       0.004      -0.004
                                        (0.361)      (0.349)      (0.363)     (0.139)     (0.138)     (0.132)     (0.119)     (0.115)     (0.110)     (0.131)     (0.125)     (0.133)     (0.105)     (0.099)     (0.091)     (0.089)     (0.089)     (0.088)
hd35_inutero_6m_m_avg                    -0.062       -0.033       -0.079      -0.048      -0.020      -0.011       0.005       0.015       0.019      -0.043      -0.036      -0.035       0.020       0.016       0.019      -0.019      -0.028      -0.029
                                        (0.079)      (0.072)      (0.073)     (0.031)     (0.030)     (0.032)     (0.029)     (0.026)     (0.022)     (0.028)     (0.026)     (0.025)     (0.022)     (0.021)     (0.019)     (0.022)     (0.021)     (0.019)
id_inutero_6m_m_avg                       0.000        0.000        0.000       0.000       0.000       0.000       0.000       0.000       0.000       0.000       0.000       0.000       0.000       0.000       0.000       0.000       0.000       0.000
                                          (NaN)        (NaN)        (NaN)       (NaN)       (NaN)       (NaN)       (NaN)       (NaN)       (NaN)       (NaN)       (NaN)       (NaN)       (NaN)       (NaN)       (NaN)       (NaN)       (NaN)       (NaN)
stdm_t_inutero_7m_m_avg_neg_int           0.123        0.050        0.095      -0.037      -0.050      -0.061       0.016       0.025       0.036       0.085       0.102       0.069       0.036       0.016       0.033      -0.002      -0.015      -0.007
                                        (0.340)      (0.334)      (0.347)     (0.138)     (0.134)     (0.123)     (0.125)     (0.125)     (0.118)     (0.129)     (0.124)     (0.136)     (0.105)     (0.096)     (0.104)     (0.097)     (0.099)     (0.098)
stdm_t_inutero_7m_m_avg_pos_int           0.420        0.460        0.368       0.002      -0.005      -0.003      -0.059      -0.089      -0.050      -0.049      -0.059      -0.027       0.153       0.172       0.158       0.022       0.015      -0.003
                                        (0.363)      (0.356)      (0.365)     (0.140)     (0.132)     (0.150)     (0.117)     (0.115)     (0.116)     (0.123)     (0.118)     (0.130)     (0.102)     (0.098)     (0.092)     (0.094)     (0.088)     (0.090)
hd35_inutero_7m_m_avg                     0.063        0.020        0.047      -0.038      -0.032      -0.034      -0.037      -0.031      -0.035       0.009       0.025       0.011      -0.022      -0.028      -0.036       0.029       0.021       0.019
                                        (0.082)      (0.078)      (0.076)     (0.031)     (0.027)     (0.030)     (0.028)     (0.024)     (0.024)     (0.029)     (0.026)     (0.026)     (0.023)     (0.021)     (0.019)     (0.021)     (0.018)     (0.017)
id_inutero_7m_m_avg                       0.000        0.000        0.000       0.000       0.000       0.000       0.000       0.000       0.000       0.000       0.000       0.000       0.000       0.000       0.000       0.000       0.000       0.000
                                          (NaN)        (NaN)        (NaN)       (NaN)       (NaN)       (NaN)       (NaN)       (NaN)       (NaN)       (NaN)       (NaN)       (NaN)       (NaN)       (NaN)       (NaN)       (NaN)       (NaN)       (NaN)
stdm_t_inutero_8m_m_avg_neg_int          -0.243       -0.172       -0.189      -0.024      -0.031      -0.026       0.029       0.021       0.009      -0.146      -0.189      -0.136     -0.204*     -0.199*      -0.183      -0.011      -0.035      -0.031
                                        (0.358)      (0.352)      (0.359)     (0.134)     (0.139)     (0.135)     (0.124)     (0.120)     (0.120)     (0.127)     (0.123)     (0.119)     (0.103)     (0.100)     (0.099)     (0.103)     (0.097)     (0.098)
stdm_t_inutero_8m_m_avg_pos_int           0.538        0.520        0.540       0.164       0.161       0.190       0.217      0.228*       0.228       0.090       0.092       0.054       0.103       0.099       0.069      -0.077      -0.036      -0.041
                                        (0.367)      (0.358)      (0.382)     (0.138)     (0.136)     (0.126)     (0.123)     (0.116)     (0.117)     (0.120)     (0.120)     (0.116)     (0.105)     (0.097)     (0.092)     (0.092)     (0.086)     (0.088)
hd35_inutero_8m_m_avg                    -0.009       -0.003       -0.041       0.015       0.003      -0.006      -0.016      -0.012      -0.006      -0.005      -0.002      -0.005       0.015       0.011       0.007       0.039       0.031       0.023
                                        (0.082)      (0.074)      (0.072)     (0.029)     (0.028)     (0.029)     (0.027)     (0.027)     (0.025)     (0.028)     (0.025)     (0.024)     (0.022)     (0.019)     (0.018)     (0.021)     (0.019)     (0.019)
id_inutero_8m_m_avg                       0.000        0.000        0.000       0.000       0.000       0.000       0.000       0.000       0.000       0.000       0.000       0.000       0.000       0.000       0.000       0.000       0.000       0.000
                                          (NaN)        (NaN)        (NaN)       (NaN)       (NaN)       (NaN)       (NaN)       (NaN)       (NaN)       (NaN)       (NaN)       (NaN)       (NaN)       (NaN)       (NaN)       (NaN)       (NaN)       (NaN)
stdm_t_inutero_9m_m_avg_neg_int          -0.487       -0.348       -0.461       0.028      -0.042      -0.052      -0.229      -0.192      -0.214       0.008      -0.032      -0.019       0.149       0.151       0.144      -0.025      -0.012      -0.040
                                        (0.360)      (0.351)      (0.353)     (0.136)     (0.133)     (0.131)     (0.127)     (0.127)     (0.124)     (0.128)     (0.124)     (0.127)     (0.100)     (0.099)     (0.102)     (0.101)     (0.099)     (0.091)
stdm_t_inutero_9m_m_avg_pos_int           0.033        0.071        0.027      -0.035       0.051       0.078       0.068       0.069       0.055       0.236       0.173       0.185      -0.175      -0.147      -0.146      -0.113      -0.139      -0.118
                                        (0.364)      (0.341)      (0.335)     (0.134)     (0.129)     (0.137)     (0.126)     (0.125)     (0.126)     (0.130)     (0.128)     (0.118)     (0.104)     (0.099)     (0.106)     (0.092)     (0.088)     (0.087)
hd35_inutero_9m_m_avg                     0.011        0.022        0.080       0.001      -0.002      -0.014       0.035       0.035       0.031      -0.035      -0.033      -0.026       0.014       0.003      -0.001      -0.031      -0.021      -0.027
                                        (0.080)      (0.069)      (0.066)     (0.032)     (0.031)     (0.030)     (0.028)     (0.025)     (0.024)     (0.030)     (0.029)     (0.026)     (0.021)     (0.019)     (0.019)     (0.021)     (0.020)     (0.018)
id_inutero_9m_m_avg                       0.000        0.000        0.000       0.000       0.000       0.000       0.000       0.000       0.000       0.000       0.000       0.000       0.000       0.000       0.000       0.000       0.000       0.000
                                          (NaN)        (NaN)        (NaN)       (NaN)       (NaN)       (NaN)       (NaN)       (NaN)       (NaN)       (NaN)       (NaN)       (NaN)       (NaN)       (NaN)       (NaN)       (NaN)       (NaN)       (NaN)
stdm_t_born_1m_m_avg_neg_int             -0.531       -0.470       -0.431       0.220      0.262*      0.279*       0.098       0.070       0.093      -0.067      -0.071      -0.055      -0.114      -0.097      -0.094    -0.310**    -0.282**     -0.247*
                                        (0.333)      (0.316)      (0.315)     (0.134)     (0.129)     (0.135)     (0.120)     (0.119)     (0.109)     (0.132)     (0.128)     (0.127)     (0.106)     (0.103)     (0.097)     (0.100)     (0.096)     (0.104)
stdm_t_born_1m_m_avg_pos_int              0.026       -0.094       -0.127      -0.117      -0.099      -0.133       0.014       0.020       0.023       0.020       0.020      -0.045      -0.013       0.008       0.032     0.258**      0.245*     0.262**
                                        (0.332)      (0.337)      (0.319)     (0.135)     (0.132)     (0.127)     (0.120)     (0.118)     (0.114)     (0.128)     (0.126)     (0.126)     (0.105)     (0.100)     (0.095)     (0.097)     (0.095)     (0.095)
hd35_born_1m_m_avg                        0.000        0.003        0.033       0.037       0.013       0.021      -0.023      -0.008      -0.027       0.044       0.048       0.050       0.018       0.008       0.001       0.004       0.018       0.014
                                        (0.074)      (0.069)      (0.060)     (0.032)     (0.028)     (0.029)     (0.029)     (0.027)     (0.025)     (0.031)     (0.031)     (0.028)     (0.022)     (0.019)     (0.018)     (0.023)     (0.021)     (0.018)
id_born_1m_m_avg                          0.000        0.000        0.000       0.000       0.000       0.000       0.000       0.000       0.000       0.000       0.000       0.000       0.000       0.000       0.000       0.000       0.000       0.000
                                          (NaN)        (NaN)        (NaN)       (NaN)       (NaN)       (NaN)       (NaN)       (NaN)       (NaN)       (NaN)       (NaN)       (NaN)       (NaN)       (NaN)       (NaN)       (NaN)       (NaN)       (NaN)
stdm_t_born_2m_m_avg_neg_int                                                   -0.171      -0.169      -0.184      -0.036      -0.018      -0.014      -0.080      -0.094      -0.085      -0.071      -0.110      -0.081       0.103       0.134       0.145
                                                                              (0.130)     (0.136)     (0.127)     (0.125)     (0.120)     (0.113)     (0.132)     (0.130)     (0.124)     (0.109)     (0.104)     (0.107)     (0.101)     (0.098)     (0.095)
stdm_t_born_2m_m_avg_pos_int                                                  0.379**     0.349**    0.390***       0.084       0.084       0.082      0.267*      0.292*      0.276*       0.125       0.188       0.158       0.085       0.025       0.020
                                                                              (0.126)     (0.126)     (0.113)     (0.119)     (0.122)     (0.114)     (0.125)     (0.121)     (0.126)     (0.108)     (0.105)     (0.102)     (0.095)     (0.086)     (0.083)
hd35_born_2m_m_avg                                                             -0.032      -0.025      -0.022      -0.006       0.001      -0.007      -0.058      -0.040      -0.049       0.007      -0.010      -0.014      -0.000       0.004       0.002
                                                                              (0.030)     (0.029)     (0.025)     (0.028)     (0.027)     (0.025)     (0.030)     (0.029)     (0.028)     (0.022)     (0.019)     (0.018)     (0.021)     (0.019)     (0.019)
id_born_2m_m_avg                                                                0.000       0.000       0.000       0.000       0.000       0.000       0.000       0.000       0.000       0.000       0.000       0.000       0.000       0.000       0.000
                                                                                (NaN)       (NaN)       (NaN)       (NaN)       (NaN)       (NaN)       (NaN)       (NaN)       (NaN)       (NaN)       (NaN)       (NaN)       (NaN)       (NaN)       (NaN)
stdm_t_born_3m_m_avg_neg_int                                                                                       -0.076      -0.001       0.005      -0.056      -0.038      -0.027      -0.015       0.013      -0.024      -0.122      -0.174      -0.167
                                                                                                                  (0.122)     (0.109)     (0.102)     (0.124)     (0.126)     (0.131)     (0.108)     (0.106)     (0.104)     (0.099)     (0.099)     (0.096)
stdm_t_born_3m_m_avg_pos_int                                                                                        0.109       0.081       0.086      -0.052      -0.023       0.003       0.131       0.100       0.153       0.144       0.150       0.145
                                                                                                                  (0.115)     (0.110)     (0.109)     (0.119)     (0.119)     (0.130)     (0.107)     (0.099)     (0.107)     (0.094)     (0.092)     (0.101)
hd35_born_3m_m_avg                                                                                                  0.028       0.018       0.015      0.064*      0.058*       0.056       0.005       0.006      -0.002     -0.040*     -0.043*     -0.037*
                                                                                                                  (0.028)     (0.024)     (0.020)     (0.031)     (0.027)     (0.029)     (0.023)     (0.021)     (0.020)     (0.020)     (0.018)     (0.017)
id_born_3m_m_avg                                                                                                    0.000       0.000       0.000       0.000       0.000       0.000       0.000       0.000       0.000       0.000       0.000       0.000
                                                                                                                    (NaN)       (NaN)       (NaN)       (NaN)       (NaN)       (NaN)       (NaN)       (NaN)       (NaN)       (NaN)       (NaN)       (NaN)
stdm_t_born_4m_m_avg_neg_int                                                                                                                           -0.234      -0.158      -0.164      -0.066      -0.080      -0.082      -0.014       0.004      -0.017
                                                                                                                                                      (0.124)     (0.120)     (0.123)     (0.107)     (0.105)     (0.099)     (0.102)     (0.100)     (0.099)
stdm_t_born_4m_m_avg_pos_int                                                                                                                            0.077       0.050       0.055       0.071       0.097       0.071      -0.157      -0.121      -0.100
                                                                                                                                                      (0.113)     (0.111)     (0.102)     (0.099)     (0.091)     (0.091)     (0.094)     (0.089)     (0.093)
hd35_born_4m_m_avg                                                                                                                                     -0.044      -0.040      -0.044       0.020       0.019       0.013       0.025       0.013       0.018
                                                                                                                                                      (0.028)     (0.024)     (0.023)     (0.022)     (0.019)     (0.020)     (0.020)     (0.018)     (0.017)
id_born_4m_m_avg                                                                                                                                        0.000       0.000       0.000       0.000       0.000       0.000       0.000       0.000       0.000
                                                                                                                                                        (NaN)       (NaN)       (NaN)       (NaN)       (NaN)       (NaN)       (NaN)       (NaN)       (NaN)
stdm_t_born_5m_m_avg_neg_int                                                                                                                                                                0.008      -0.011      -0.041      -0.135      -0.118      -0.108
                                                                                                                                                                                          (0.105)     (0.102)     (0.100)     (0.102)     (0.100)     (0.095)
stdm_t_born_5m_m_avg_pos_int                                                                                                                                                               -0.014      -0.019      -0.002     0.260**     0.265**     0.248**
                                                                                                                                                                                          (0.095)     (0.089)     (0.089)     (0.095)     (0.098)     (0.092)
hd35_born_5m_m_avg                                                                                                                                                                        -0.047*      -0.034      -0.019      -0.026      -0.033      -0.025
                                                                                                                                                                                          (0.020)     (0.019)     (0.018)     (0.019)     (0.018)     (0.017)
id_born_5m_m_avg                                                                                                                                                                            0.000       0.000       0.000       0.000       0.000       0.000
                                                                                                                                                                                            (NaN)       (NaN)       (NaN)       (NaN)       (NaN)       (NaN)
stdm_t_born_6m_m_avg_neg_int                                                                                                                                                                                                   -0.083      -0.097      -0.057
                                                                                                                                                                                                                              (0.097)     (0.100)     (0.097)
stdm_t_born_6m_m_avg_pos_int                                                                                                                                                                                                   -0.011       0.031       0.022
                                                                                                                                                                                                                              (0.085)     (0.086)     (0.084)
hd35_born_6m_m_avg                                                                                                                                                                                                             0.046*      0.042*      0.040*
                                                                                                                                                                                                                              (0.019)     (0.017)     (0.016)
id_born_6m_m_avg                                                                                                                                                                                                                0.000       0.000       0.000
                                                                                                                                                                                                                                (NaN)       (NaN)       (NaN)
child_fem                             -7.735***    -7.725***    -7.792***   -0.706***   -0.716***   -0.713***   -0.515***   -0.499***   -0.531***     -0.207*     -0.203*     -0.223*      -0.082      -0.090      -0.107    -0.204**     -0.178*     -0.180*
                                        (0.272)      (0.278)      (0.280)     (0.106)     (0.099)     (0.107)     (0.096)     (0.090)     (0.095)     (0.093)     (0.093)     (0.091)     (0.083)     (0.082)     (0.084)     (0.075)     (0.072)     (0.071)
child_mulbirth                       117.122***   116.958***   117.096***   11.087***   10.994***   11.070***    8.851***    8.633***    8.764***    6.992***    7.213***    7.178***    4.555***    4.406***    4.460***    4.022***    4.063***    4.061***
                                        (2.132)      (2.218)      (2.484)     (0.735)     (0.755)     (0.778)     (0.657)     (0.620)     (0.687)     (0.638)     (0.628)     (0.609)     (0.501)     (0.502)     (0.537)     (0.459)     (0.450)     (0.499)
birth_order                            1.868***     1.935***     2.022***    0.519***    0.528***    0.513***    0.494***    0.505***    0.496***    0.551***    0.570***    0.566***    0.327***    0.354***    0.363***    0.316***    0.317***    0.316***
                                        (0.165)      (0.166)      (0.179)     (0.062)     (0.062)     (0.065)     (0.055)     (0.056)     (0.059)     (0.056)     (0.058)     (0.058)     (0.045)     (0.045)     (0.050)     (0.042)     (0.043)     (0.043)
rural                                    -0.088        0.154        0.283       0.291       0.198       0.164       0.040       0.161       0.094      -0.050       0.082       0.139      -0.068       0.058       0.110     -0.269*      -0.088      -0.096
                                        (0.478)      (0.485)      (0.441)     (0.172)     (0.153)     (0.138)     (0.143)     (0.128)     (0.117)     (0.150)     (0.141)     (0.130)     (0.121)     (0.105)     (0.109)     (0.114)     (0.103)     (0.101)
d_weatlh_ind_2                           -0.333       -0.505       -0.709    -0.551**     -0.487*    -0.535**      -0.203      -0.143      -0.200      -0.312      -0.281      -0.275     -0.317*     -0.285*      -0.275      -0.052      -0.066      -0.065
                                        (0.497)      (0.488)      (0.510)     (0.189)     (0.190)     (0.185)     (0.181)     (0.180)     (0.167)     (0.173)     (0.165)     (0.171)     (0.149)     (0.139)     (0.150)     (0.128)     (0.123)     (0.120)
d_weatlh_ind_3                          -1.128*      -1.380*      -1.459*   -0.904***   -0.818***   -0.825***   -0.941***   -0.817***   -0.926***     -0.426*     -0.439*     -0.432*   -0.598***   -0.557***   -0.587***      -0.252      -0.202      -0.173
                                        (0.538)      (0.543)      (0.583)     (0.198)     (0.191)     (0.170)     (0.187)     (0.178)     (0.168)     (0.182)     (0.173)     (0.171)     (0.157)     (0.153)     (0.155)     (0.139)     (0.133)     (0.125)
d_weatlh_ind_4                         -1.851**    -2.129***    -2.284***   -1.353***   -1.267***   -1.217***   -1.126***   -1.119***   -1.191***   -0.699***   -0.761***   -0.714***   -0.740***   -0.681***   -0.730***   -0.511***   -0.559***   -0.526***
                                        (0.597)      (0.583)      (0.617)     (0.210)     (0.212)     (0.216)     (0.207)     (0.194)     (0.217)     (0.196)     (0.184)     (0.193)     (0.171)     (0.160)     (0.170)     (0.148)     (0.138)     (0.130)
d_weatlh_ind_5                        -4.373***    -4.835***    -4.938***   -2.009***   -1.909***   -1.903***   -1.655***   -1.705***   -1.829***   -1.272***   -1.352***   -1.275***   -1.157***   -1.130***   -1.195***   -0.796***   -0.817***   -0.800***
                                        (0.687)      (0.703)      (0.753)     (0.242)     (0.245)     (0.255)     (0.237)     (0.239)     (0.270)     (0.233)     (0.216)     (0.213)     (0.196)     (0.190)     (0.202)     (0.169)     (0.167)     (0.159)
mother_ageb                          -13.767***   -14.363***   -14.425***   -2.596***   -2.532***   -2.525***   -1.462***   -1.377***   -1.364***   -2.176***   -2.203***   -2.143***   -1.057***   -1.006***   -1.060***    -0.706**    -0.781**    -0.752**
                                        (0.986)      (0.984)      (1.009)     (0.356)     (0.366)     (0.373)     (0.333)     (0.318)     (0.331)     (0.355)     (0.339)     (0.342)     (0.295)     (0.285)     (0.295)     (0.247)     (0.251)     (0.237)
mother_ageb_squ                        0.378***     0.401***     0.401***    0.080***    0.078***    0.078***    0.041***     0.038**     0.038**    0.066***    0.067***    0.064***     0.031**     0.029**     0.031**      0.021*     0.024**     0.023**
                                        (0.036)      (0.036)      (0.037)     (0.013)     (0.013)     (0.013)     (0.012)     (0.012)     (0.012)     (0.013)     (0.012)     (0.013)     (0.011)     (0.011)     (0.011)     (0.009)     (0.009)     (0.009)
mother_ageb_cub                       -0.003***    -0.003***    -0.003***   -0.001***   -0.001***   -0.001***     -0.000*     -0.000*     -0.000*   -0.001***   -0.001***   -0.001***     -0.000*     -0.000*     -0.000*      -0.000     -0.000*     -0.000*
                                        (0.000)      (0.000)      (0.000)     (0.000)     (0.000)     (0.000)     (0.000)     (0.000)     (0.000)     (0.000)     (0.000)     (0.000)     (0.000)     (0.000)     (0.000)     (0.000)     (0.000)     (0.000)
mother_eduy                            -0.303**     -0.307**      -0.302*   -0.147***   -0.157***   -0.163***   -0.207***   -0.213***   -0.234***   -0.227***   -0.240***   -0.242***   -0.139***   -0.139***   -0.145***   -0.133***   -0.136***   -0.145***
                                        (0.111)      (0.113)      (0.119)     (0.040)     (0.040)     (0.042)     (0.038)     (0.038)     (0.039)     (0.037)     (0.037)     (0.038)     (0.029)     (0.029)     (0.026)     (0.028)     (0.026)     (0.027)
mother_eduy_squ                           0.003        0.003        0.004      0.007*     0.008**     0.008**    0.012***    0.012***    0.014***    0.012***    0.013***    0.013***    0.007***    0.008***    0.009***    0.007***    0.008***    0.008***
                                        (0.008)      (0.008)      (0.008)     (0.003)     (0.003)     (0.003)     (0.003)     (0.003)     (0.003)     (0.003)     (0.003)     (0.003)     (0.002)     (0.002)     (0.002)     (0.002)     (0.002)     (0.002)
mother_eduy_cub                          -0.000       -0.000       -0.000     -0.000*    -0.000**    -0.000**   -0.000***   -0.000***   -0.000***   -0.000***   -0.000***   -0.000***   -0.000***   -0.000***   -0.000***    -0.000**    -0.000**    -0.000**
                                        (0.000)      (0.000)      (0.000)     (0.000)     (0.000)     (0.000)     (0.000)     (0.000)     (0.000)     (0.000)     (0.000)     (0.000)     (0.000)     (0.000)     (0.000)     (0.000)     (0.000)     (0.000)
-------------------------------------------------------------------------------------------------------------------------------------------------------------------------------------------------------------------------------------------------------------
ID_cell1 & chb_year Fixed Effects           Yes                                   Yes                                 Yes                                 Yes                                 Yes                                 Yes                        
ID_cell1 & chb_month Fixed Effects          Yes                                   Yes                                 Yes                                 Yes                                 Yes                                 Yes                        
ID_cell2 & chb_year Fixed Effects                        Yes                                  Yes                                 Yes                                 Yes                                 Yes                                 Yes            
ID_cell2 & chb_month Fixed Effects                       Yes                                  Yes                                 Yes                                 Yes                                 Yes                                 Yes            
ID_cell3 & chb_year Fixed Effects                                     Yes                                 Yes                                 Yes                                 Yes                                 Yes                                 Yes
ID_cell3 & chb_month Fixed Effects                                    Yes                                 Yes                                 Yes                                 Yes                                 Yes                                 Yes
-------------------------------------------------------------------------------------------------------------------------------------------------------------------------------------------------------------------------------------------------------------
N                                     1,622,695    1,629,177    1,630,871   1,556,196   1,562,986   1,564,813   1,535,372   1,542,334   1,544,211   1,519,707   1,526,745   1,528,687   1,505,252   1,512,388   1,514,388   1,493,324   1,500,524   1,502,549
R2                                        0.089        0.051        0.032       0.070       0.035       0.014       0.066       0.032       0.015       0.069       0.033       0.014       0.065       0.032       0.013       0.067       0.031       0.013
Within-R2                                 0.015        0.016        0.016       0.001       0.001       0.001       0.001       0.001       0.001       0.001       0.001       0.001       0.000       0.000       0.000       0.000       0.000       0.000
-------------------------------------------------------------------------------------------------------------------------------------------------------------------------------------------------------------------------------------------------------------

