
-------------------------------------------------------------------------------------------------------------------------------------------------------------------------------------------------------------------------------------------------------------
                                              child_agedeath_1m6m                  child_agedeath_6m12m               child_agedeath_12m18m               child_agedeath_18m24m               child_agedeath_24m30m               child_agedeath_30m36m      
                                     ------------------------------------   ---------------------------------   ---------------------------------   ---------------------------------   ---------------------------------   ---------------------------------
                                            (1)          (2)          (3)         (4)         (5)         (6)         (7)         (8)         (9)        (10)        (11)        (12)        (13)        (14)        (15)        (16)        (17)        (18)
-------------------------------------------------------------------------------------------------------------------------------------------------------------------------------------------------------------------------------------------------------------
spi1_inutero_b_avg_neg_int                0.071        0.311        0.141      -0.342      -0.360      -0.531      -0.725     -0.752*     -0.965*      -0.438     -0.434*     -0.417*      -0.171      -0.092      -0.091       0.023       0.022       0.025
                                        (0.693)      (0.711)      (0.762)     (0.444)     (0.422)     (0.470)     (0.378)     (0.372)     (0.381)     (0.228)     (0.214)     (0.209)     (0.361)     (0.366)     (0.343)     (0.016)     (0.015)     (0.014)
spi1_inutero_b_avg_pos_int              2.237**     2.488***     2.511***      -0.349      -0.260      -0.203      -0.188      -0.119      -0.080      -0.260      -0.301      -0.350      -0.223      -0.052      -0.161      -0.005      -0.006      -0.010
                                        (0.778)      (0.755)      (0.714)     (0.413)     (0.409)     (0.418)     (0.364)     (0.362)     (0.343)     (0.195)     (0.189)     (0.183)     (0.327)     (0.314)     (0.329)     (0.016)     (0.016)     (0.016)
spi1_born_1m6m_b_avg_neg_int             -0.406       -0.078       -0.070      -0.290      -0.194      -0.231       0.087       0.220       0.187      -0.038      -0.063      -0.010     -0.556*     -0.631*     -0.618*      -0.003      -0.003      -0.002
                                        (0.544)      (0.558)      (0.612)     (0.326)     (0.340)     (0.313)     (0.273)     (0.258)     (0.271)     (0.173)     (0.158)     (0.156)     (0.279)     (0.261)     (0.259)     (0.016)     (0.016)     (0.015)
spi1_born_1m6m_b_avg_pos_int              0.610        0.936        0.979      -0.183      -0.256      -0.233      -0.179      -0.147      -0.179      -0.083      -0.094      -0.104      -0.121       0.013       0.050      -0.007      -0.008      -0.007
                                        (0.585)      (0.581)      (0.563)     (0.317)     (0.314)     (0.293)     (0.276)     (0.269)     (0.272)     (0.151)     (0.138)     (0.142)     (0.257)     (0.255)     (0.253)     (0.012)     (0.013)     (0.013)
spi1_born_6m12m_b_avg_neg_int                                                  -0.013       0.048      -0.116      -0.087       0.040      -0.174     -0.364*     -0.391*     -0.403*       0.055       0.026       0.047       0.009       0.008       0.007
                                                                              (0.351)     (0.340)     (0.319)     (0.306)     (0.312)     (0.297)     (0.184)     (0.174)     (0.166)     (0.283)     (0.289)     (0.305)     (0.013)     (0.012)     (0.012)
spi1_born_6m12m_b_avg_pos_int                                                   0.122       0.091       0.133      -0.462      -0.480      -0.519       0.162       0.147       0.125       0.128       0.147       0.020      -0.014      -0.015      -0.011
                                                                              (0.342)     (0.326)     (0.333)     (0.292)     (0.279)     (0.289)     (0.163)     (0.159)     (0.151)     (0.279)     (0.272)     (0.276)     (0.014)     (0.012)     (0.013)
spi1_born_12m18m_b_avg_neg_int                                                                                     -0.323      -0.223      -0.360      -0.010      -0.025      -0.054      -0.004       0.027      -0.115      -0.012      -0.009      -0.006
                                                                                                                  (0.321)     (0.315)     (0.304)     (0.177)     (0.178)     (0.168)     (0.301)     (0.310)     (0.289)     (0.017)     (0.015)     (0.014)
spi1_born_12m18m_b_avg_pos_int                                                                                      0.061       0.049       0.034      -0.134      -0.128      -0.117     -0.659*    -0.723**     -0.667*      -0.014      -0.016      -0.017
                                                                                                                  (0.298)     (0.289)     (0.289)     (0.167)     (0.155)     (0.142)     (0.266)     (0.255)     (0.279)     (0.012)     (0.012)     (0.012)
spi1_born_18m24m_b_avg_neg_int                                                                                                                         -0.182      -0.167      -0.169       0.281       0.337       0.288      -0.016      -0.011      -0.012
                                                                                                                                                      (0.172)     (0.171)     (0.152)     (0.307)     (0.298)     (0.302)     (0.017)     (0.017)     (0.017)
spi1_born_18m24m_b_avg_pos_int                                                                                                                          0.278       0.219       0.194      -0.246      -0.201      -0.278      -0.013      -0.010      -0.009
                                                                                                                                                      (0.168)     (0.160)     (0.156)     (0.278)     (0.268)     (0.281)     (0.012)     (0.013)     (0.012)
spi1_born_24m30m_b_avg_neg_int                                                                                                                                                             -0.045       0.154       0.004      0.028*       0.023      0.025*
                                                                                                                                                                                          (0.309)     (0.313)     (0.304)     (0.012)     (0.012)     (0.011)
spi1_born_24m30m_b_avg_pos_int                                                                                                                                                             -0.147      -0.199      -0.154      -0.022      -0.020      -0.022
                                                                                                                                                                                          (0.261)     (0.249)     (0.273)     (0.015)     (0.012)     (0.014)
spi1_born_30m36m_b_avg_neg_int                                                                                                                                                                                                 -0.004      -0.001      -0.000
                                                                                                                                                                                                                              (0.015)     (0.015)     (0.016)
spi1_born_30m36m_b_avg_pos_int                                                                                                                                                                                                  0.005       0.008       0.010
                                                                                                                                                                                                                              (0.018)     (0.017)     (0.014)
stdm_t_inutero_b_avg_neg_int            -1.258*      -1.191*      -1.484*   -1.439***   -1.468***   -1.466***     -0.711*     -0.762*     -0.728*      -0.233      -0.251      -0.196      -0.454      -0.564     -0.664*       0.011       0.008       0.004
                                        (0.629)      (0.594)      (0.581)     (0.368)     (0.371)     (0.355)     (0.322)     (0.325)     (0.308)     (0.190)     (0.184)     (0.188)     (0.305)     (0.315)     (0.307)     (0.017)     (0.017)     (0.016)
stdm_t_inutero_b_avg_pos_int           2.867***     2.351***     2.443***       0.111       0.292       0.160      0.617*       0.342       0.392      -0.024      -0.045      -0.034       0.204       0.247       0.195       0.007       0.004       0.002
                                        (0.630)      (0.603)      (0.626)     (0.309)     (0.311)     (0.314)     (0.269)     (0.257)     (0.255)     (0.163)     (0.152)     (0.148)     (0.255)     (0.245)     (0.258)     (0.013)     (0.012)     (0.012)
hd35_inutero_b_avg                      -0.438*       -0.193       -0.199      -0.010      -0.055      -0.011     -0.208*      -0.104      -0.115      -0.006      -0.025      -0.046      -0.148      -0.087      -0.118      -0.005      -0.004      -0.003
                                        (0.185)      (0.144)      (0.140)     (0.097)     (0.082)     (0.076)     (0.090)     (0.074)     (0.066)     (0.049)     (0.043)     (0.043)     (0.085)     (0.070)     (0.070)     (0.006)     (0.004)     (0.005)
id_inutero_b_avg                          0.000        0.000        0.000       0.000       0.000       0.000       0.000       0.000       0.000       0.000       0.000       0.000       0.000       0.000       0.000       0.000       0.000       0.000
                                          (NaN)        (NaN)        (NaN)       (NaN)       (NaN)       (NaN)       (NaN)       (NaN)       (NaN)       (NaN)       (NaN)       (NaN)       (NaN)       (NaN)       (NaN)       (NaN)       (NaN)       (NaN)
stdm_t_born_1m6m_b_avg_neg_int           -0.862       -0.840       -0.890      -0.511      -0.502      -0.533      -0.560     -0.640*     -0.627*      -0.223      -0.157      -0.189       0.057       0.209       0.086     -0.031*      -0.027      -0.027
                                        (0.557)      (0.533)      (0.543)     (0.323)     (0.316)     (0.283)     (0.292)     (0.282)     (0.266)     (0.155)     (0.154)     (0.163)     (0.264)     (0.262)     (0.254)     (0.015)     (0.014)     (0.014)
stdm_t_born_1m6m_b_avg_pos_int          1.432**      1.245**       1.244*       0.159       0.330       0.302       0.296       0.285       0.238       0.012       0.004       0.001      -0.074      -0.083      -0.036       0.026       0.019       0.022
                                        (0.487)      (0.479)      (0.513)     (0.260)     (0.262)     (0.270)     (0.234)     (0.230)     (0.240)     (0.131)     (0.131)     (0.117)     (0.228)     (0.217)     (0.224)     (0.016)     (0.014)     (0.016)
hd35_born_1m6m_b_avg                   -0.364**       -0.171       -0.155       0.006      -0.040      -0.035      -0.054      -0.017       0.015      -0.021      -0.028      -0.009      -0.096      -0.089      -0.075      -0.001       0.001       0.000
                                        (0.138)      (0.116)      (0.109)     (0.072)     (0.058)     (0.057)     (0.070)     (0.059)     (0.058)     (0.035)     (0.030)     (0.030)     (0.064)     (0.055)     (0.055)     (0.004)     (0.003)     (0.003)
id_born_1m6m_b_avg                        0.000        0.000        0.000       0.000       0.000       0.000       0.000       0.000       0.000       0.000       0.000       0.000       0.000       0.000       0.000       0.000       0.000       0.000
                                          (NaN)        (NaN)        (NaN)       (NaN)       (NaN)       (NaN)       (NaN)       (NaN)       (NaN)       (NaN)       (NaN)       (NaN)       (NaN)       (NaN)       (NaN)       (NaN)       (NaN)       (NaN)
stdm_t_born_6m12m_b_avg_neg_int                                              -0.921**     -0.759*     -0.750*     -0.628*      -0.551      -0.524      -0.040      -0.024      -0.003      -0.110      -0.175      -0.210       0.016       0.019       0.020
                                                                              (0.349)     (0.345)     (0.338)     (0.300)     (0.299)     (0.311)     (0.173)     (0.168)     (0.163)     (0.285)     (0.285)     (0.296)     (0.016)     (0.016)     (0.016)
stdm_t_born_6m12m_b_avg_pos_int                                                0.716*      0.569*       0.475       0.145      -0.002      -0.047      -0.061      -0.043      -0.018      -0.099      -0.037      -0.049       0.009       0.009       0.007
                                                                              (0.281)     (0.267)     (0.297)     (0.242)     (0.229)     (0.219)     (0.137)     (0.134)     (0.128)     (0.225)     (0.219)     (0.235)     (0.011)     (0.010)     (0.010)
hd35_born_6m12m_b_avg                                                           0.039       0.068       0.055      -0.054       0.037       0.014       0.065       0.040       0.025       0.124      0.117*       0.095      -0.002      -0.001      -0.000
                                                                              (0.074)     (0.058)     (0.064)     (0.076)     (0.063)     (0.059)     (0.041)     (0.035)     (0.035)     (0.071)     (0.057)     (0.058)     (0.003)     (0.002)     (0.002)
id_born_6m12m_b_avg                                                             0.000       0.000       0.000       0.000       0.000       0.000       0.000       0.000       0.000       0.000       0.000       0.000       0.000       0.000       0.000
                                                                                (NaN)       (NaN)       (NaN)       (NaN)       (NaN)       (NaN)       (NaN)       (NaN)       (NaN)       (NaN)       (NaN)       (NaN)       (NaN)       (NaN)       (NaN)
stdm_t_born_12m18m_b_avg_neg_int                                                                                   -0.495     -0.673*     -0.724*      -0.194      -0.222      -0.248     -0.766*    -0.793**    -0.808**      -0.003      -0.004      -0.006
                                                                                                                  (0.320)     (0.293)     (0.307)     (0.180)     (0.163)     (0.166)     (0.298)     (0.294)     (0.296)     (0.018)     (0.018)     (0.017)
stdm_t_born_12m18m_b_avg_pos_int                                                                                  0.700**     0.632**      0.560*       0.168       0.162       0.142      -0.061      -0.024      -0.016    -0.027**    -0.028**     -0.023*
                                                                                                                  (0.226)     (0.224)     (0.227)     (0.134)     (0.139)     (0.132)     (0.219)     (0.221)     (0.231)     (0.010)     (0.010)     (0.010)
hd35_born_12m18m_b_avg                                                                                             -0.067       0.019       0.058      -0.013      -0.022       0.010      -0.009       0.006      -0.000      -0.001       0.000      -0.001
                                                                                                                  (0.073)     (0.059)     (0.066)     (0.040)     (0.033)     (0.031)     (0.072)     (0.062)     (0.072)     (0.003)     (0.003)     (0.003)
id_born_12m18m_b_avg                                                                                                0.000       0.000       0.000       0.000       0.000       0.000       0.000       0.000       0.000       0.000       0.000       0.000
                                                                                                                    (NaN)       (NaN)       (NaN)       (NaN)       (NaN)       (NaN)       (NaN)       (NaN)       (NaN)       (NaN)       (NaN)       (NaN)
stdm_t_born_18m24m_b_avg_neg_int                                                                                                                    -0.637***    -0.594**    -0.569**      -0.305      -0.432      -0.452      -0.001      -0.006      -0.003
                                                                                                                                                      (0.183)     (0.186)     (0.177)     (0.298)     (0.294)     (0.279)     (0.022)     (0.021)     (0.019)
stdm_t_born_18m24m_b_avg_pos_int                                                                                                                        0.252       0.235       0.258       0.244       0.286       0.243      -0.005      -0.003      -0.005
                                                                                                                                                      (0.132)     (0.129)     (0.144)     (0.219)     (0.214)     (0.214)     (0.010)     (0.011)     (0.010)
hd35_born_18m24m_b_avg                                                                                                                                  0.048       0.021       0.012       0.016       0.045       0.030      -0.005      -0.003      -0.003
                                                                                                                                                      (0.037)     (0.032)     (0.031)     (0.070)     (0.054)     (0.055)     (0.005)     (0.004)     (0.003)
id_born_18m24m_b_avg                                                                                                                                    0.000       0.000       0.000       0.000       0.000       0.000       0.000       0.000       0.000
                                                                                                                                                        (NaN)       (NaN)       (NaN)       (NaN)       (NaN)       (NaN)       (NaN)       (NaN)       (NaN)
stdm_t_born_24m30m_b_avg_neg_int                                                                                                                                                           -0.537      -0.509      -0.573      -0.014      -0.005      -0.007
                                                                                                                                                                                          (0.299)     (0.312)     (0.320)     (0.022)     (0.020)     (0.019)
stdm_t_born_24m30m_b_avg_pos_int                                                                                                                                                         0.770***    0.884***    0.791***       0.003       0.000       0.003
                                                                                                                                                                                          (0.207)     (0.204)     (0.209)     (0.012)     (0.011)     (0.012)
hd35_born_24m30m_b_avg                                                                                                                                                                      0.057       0.062       0.082      -0.001       0.000      -0.001
                                                                                                                                                                                          (0.067)     (0.056)     (0.058)     (0.004)     (0.003)     (0.003)
id_born_24m30m_b_avg                                                                                                                                                                        0.000       0.000       0.000       0.000       0.000       0.000
                                                                                                                                                                                            (NaN)       (NaN)       (NaN)       (NaN)       (NaN)       (NaN)
stdm_t_born_30m36m_b_avg_neg_int                                                                                                                                                                                               -0.019      -0.007      -0.008
                                                                                                                                                                                                                              (0.022)     (0.021)     (0.021)
stdm_t_born_30m36m_b_avg_pos_int                                                                                                                                                                                               -0.000      -0.004      -0.004
                                                                                                                                                                                                                              (0.009)     (0.009)     (0.009)
hd35_born_30m36m_b_avg                                                                                                                                                                                                          0.005       0.006       0.007
                                                                                                                                                                                                                              (0.003)     (0.003)     (0.003)
id_born_30m36m_b_avg                                                                                                                                                                                                            0.000       0.000       0.000
                                                                                                                                                                                                                                (NaN)       (NaN)       (NaN)
child_fem                             -9.859***    -9.885***    -9.995***   -1.077***   -1.067***   -1.087***   -0.708***   -0.686***   -0.674***     -0.174*     -0.187*     -0.188*   -0.675***   -0.714***   -0.724***       0.015       0.015       0.014
                                        (0.308)      (0.305)      (0.329)     (0.175)     (0.174)     (0.179)     (0.148)     (0.144)     (0.145)     (0.082)     (0.081)     (0.082)     (0.143)     (0.142)     (0.135)     (0.009)     (0.008)     (0.007)
child_mulbirth                       152.582***   152.460***   152.492***   20.129***   20.038***   19.632***    9.778***    9.741***    9.719***    1.619***    1.612***    1.555***    5.026***    5.174***    5.316***       0.019       0.016       0.014
                                        (2.272)      (2.469)      (2.871)     (1.044)     (1.091)     (1.072)     (0.785)     (0.783)     (0.882)     (0.384)     (0.371)     (0.364)     (0.651)     (0.638)     (0.645)     (0.035)     (0.034)     (0.031)
birth_order                            4.352***     4.501***     4.626***    1.802***    1.837***    1.890***    1.501***    1.559***    1.597***    0.195***    0.181***    0.205***    0.789***    0.753***    0.732***     0.015**     0.015**     0.016**
                                        (0.190)      (0.201)      (0.235)     (0.100)     (0.103)     (0.105)     (0.088)     (0.088)     (0.099)     (0.047)     (0.048)     (0.051)     (0.077)     (0.074)     (0.076)     (0.005)     (0.005)     (0.005)
rural                                     0.511       1.071*       1.303*       0.314      0.681*     0.780**      0.625*     0.690**    0.862***      -0.023       0.065       0.054      0.442*     0.543**    0.755***       0.022       0.015       0.014
                                        (0.563)      (0.544)      (0.517)     (0.298)     (0.282)     (0.260)     (0.247)     (0.234)     (0.217)     (0.147)     (0.135)     (0.133)     (0.217)     (0.207)     (0.199)     (0.011)     (0.011)     (0.009)
d_weatlh_ind_2                         -1.601**     -1.592**     -1.808**      -0.511      -0.425      -0.357      -0.438      -0.416      -0.316      -0.183      -0.156      -0.140     -0.593*     -0.582*     -0.509*      -0.004      -0.004      -0.007
                                        (0.556)      (0.549)      (0.625)     (0.307)     (0.283)     (0.289)     (0.261)     (0.255)     (0.262)     (0.141)     (0.144)     (0.151)     (0.252)     (0.248)     (0.255)     (0.009)     (0.010)     (0.009)
d_weatlh_ind_3                        -4.406***    -4.392***    -4.527***    -0.936**    -0.907**    -0.851**   -1.108***   -1.151***   -1.023***     -0.330*      -0.256      -0.201   -1.121***   -1.251***   -1.269***       0.014       0.020       0.015
                                        (0.608)      (0.610)      (0.699)     (0.331)     (0.305)     (0.313)     (0.281)     (0.279)     (0.288)     (0.154)     (0.148)     (0.162)     (0.271)     (0.270)     (0.301)     (0.013)     (0.014)     (0.014)
d_weatlh_ind_4                        -6.544***    -6.740***    -7.039***   -1.878***   -1.836***   -1.856***   -1.697***   -1.753***   -1.592***    -0.485**     -0.368*      -0.299   -1.950***   -2.203***   -2.188***       0.015       0.017       0.014
                                        (0.685)      (0.684)      (0.789)     (0.366)     (0.340)     (0.375)     (0.309)     (0.287)     (0.292)     (0.169)     (0.160)     (0.167)     (0.286)     (0.306)     (0.319)     (0.015)     (0.016)     (0.014)
d_weatlh_ind_5                       -11.525***   -12.026***   -12.306***   -3.591***   -3.706***   -3.911***   -2.914***   -3.019***   -2.973***   -1.128***   -1.068***   -1.051***   -3.179***   -3.556***   -3.609***       0.006       0.003       0.003
                                        (0.794)      (0.846)      (0.971)     (0.433)     (0.387)     (0.427)     (0.357)     (0.338)     (0.359)     (0.202)     (0.197)     (0.202)     (0.321)     (0.365)     (0.396)     (0.018)     (0.021)     (0.018)
mother_ageb                          -22.286***   -22.675***   -22.660***   -2.689***   -2.830***   -2.901***    -1.543**    -1.557**   -1.648***      -0.113      -0.150      -0.120    -1.318**    -1.338**    -1.460**      -0.024      -0.018      -0.017
                                        (1.116)      (1.086)      (1.167)     (0.562)     (0.563)     (0.541)     (0.515)     (0.488)     (0.477)     (0.275)     (0.285)     (0.261)     (0.480)     (0.471)     (0.510)     (0.023)     (0.023)     (0.022)
mother_ageb_squ                        0.632***     0.647***     0.644***     0.068**    0.074***    0.076***       0.029       0.029       0.032      -0.000       0.001       0.000       0.031       0.031       0.036       0.001       0.001       0.001
                                        (0.041)      (0.040)      (0.042)     (0.021)     (0.021)     (0.020)     (0.019)     (0.018)     (0.018)     (0.010)     (0.011)     (0.010)     (0.018)     (0.017)     (0.019)     (0.001)     (0.001)     (0.001)
mother_ageb_cub                       -0.006***    -0.006***    -0.006***     -0.001*     -0.001*    -0.001**      -0.000      -0.000      -0.000       0.000       0.000       0.000      -0.000      -0.000      -0.000      -0.000      -0.000      -0.000
                                        (0.000)      (0.000)      (0.000)     (0.000)     (0.000)     (0.000)     (0.000)     (0.000)     (0.000)     (0.000)     (0.000)     (0.000)     (0.000)     (0.000)     (0.000)     (0.000)     (0.000)     (0.000)
mother_eduy                           -1.162***    -1.195***    -1.244***   -0.285***   -0.345***   -0.377***   -0.428***   -0.497***   -0.537***       0.044       0.024       0.028   -0.379***   -0.434***   -0.496***      -0.000       0.000       0.000
                                        (0.125)      (0.132)      (0.138)     (0.068)     (0.071)     (0.073)     (0.059)     (0.056)     (0.066)     (0.031)     (0.031)     (0.032)     (0.052)     (0.054)     (0.061)     (0.003)     (0.003)     (0.003)
mother_eduy_squ                        0.051***     0.053***     0.059***       0.007      0.011*      0.013*    0.016***    0.021***    0.024***   -0.009***   -0.008***   -0.008***    0.015***    0.019***    0.022***       0.000      -0.000       0.000
                                        (0.009)      (0.010)      (0.010)     (0.005)     (0.005)     (0.005)     (0.004)     (0.004)     (0.005)     (0.002)     (0.002)     (0.002)     (0.004)     (0.004)     (0.004)     (0.000)     (0.000)     (0.000)
mother_eduy_cub                       -0.000***    -0.000***    -0.000***      -0.000      -0.000      -0.000    -0.000**   -0.000***   -0.000***    0.000***    0.000***    0.000***   -0.000***   -0.000***   -0.000***      -0.000       0.000      -0.000
                                        (0.000)      (0.000)      (0.000)     (0.000)     (0.000)     (0.000)     (0.000)     (0.000)     (0.000)     (0.000)     (0.000)     (0.000)     (0.000)     (0.000)     (0.000)     (0.000)     (0.000)     (0.000)
-------------------------------------------------------------------------------------------------------------------------------------------------------------------------------------------------------------------------------------------------------------
ID_cell1 & chb_year Fixed Effects           Yes                                   Yes                                 Yes                                 Yes                                 Yes                                 Yes                        
ID_cell1 & chb_month Fixed Effects          Yes                                   Yes                                 Yes                                 Yes                                 Yes                                 Yes                        
ID_cell2 & chb_year Fixed Effects                        Yes                                  Yes                                 Yes                                 Yes                                 Yes                                 Yes            
ID_cell2 & chb_month Fixed Effects                       Yes                                  Yes                                 Yes                                 Yes                                 Yes                                 Yes            
ID_cell3 & chb_year Fixed Effects                                     Yes                                 Yes                                 Yes                                 Yes                                 Yes                                 Yes
ID_cell3 & chb_month Fixed Effects                                    Yes                                 Yes                                 Yes                                 Yes                                 Yes                                 Yes
-------------------------------------------------------------------------------------------------------------------------------------------------------------------------------------------------------------------------------------------------------------
N                                     2,001,675    2,005,728    2,006,718   1,910,306   1,914,605   1,915,977   1,884,767   1,889,130   1,890,536   1,866,068   1,870,501   1,871,920   1,860,321   1,864,780   1,866,207   1,844,200   1,848,725   1,850,182
R2                                        0.089        0.054        0.038       0.070       0.037       0.020       0.072       0.036       0.020       0.061       0.027       0.012       0.076       0.039       0.021       0.068       0.021       0.007
Within-R2                                 0.018        0.019        0.019       0.001       0.001       0.002       0.001       0.001       0.001       0.000       0.000       0.000       0.001       0.001       0.001       0.000       0.000       0.000
-------------------------------------------------------------------------------------------------------------------------------------------------------------------------------------------------------------------------------------------------------------

