
---------------------------------------------------------------------------------------------------------------------------------------------------------------------------------------------------------------------------------------------------------------------
                                              child_agedeath_1m6m                   child_agedeath_6m12m               child_agedeath_12m18m                  child_agedeath_18m24m                   child_agedeath_24m30m               child_agedeath_30m36m      
                                     -------------------------------------   ---------------------------------   ---------------------------------   ---------------------------------------   ----------------------------------   ---------------------------------
                                            (1)           (2)          (3)         (4)         (5)         (6)         (7)         (8)         (9)          (10)          (11)          (12)         (13)        (14)        (15)        (16)        (17)        (18)
---------------------------------------------------------------------------------------------------------------------------------------------------------------------------------------------------------------------------------------------------------------------
spi1_inutero_b_avg_neg_int                0.141         0.362        0.182      -0.367      -0.367      -0.553      -0.678      -0.717     -0.938*        -0.445       -0.431*       -0.415*       -0.173      -0.091      -0.085       0.023       0.023       0.026
                                        (0.693)       (0.711)      (0.760)     (0.443)     (0.422)     (0.470)     (0.377)     (0.371)     (0.380)       (0.227)       (0.214)       (0.208)      (0.360)     (0.366)     (0.343)     (0.016)     (0.015)     (0.014)
spi1_inutero_b_avg_pos_int              2.525**      2.586***     2.628***      -0.317      -0.212      -0.165      -0.075      -0.076      -0.017        -0.240        -0.283        -0.316       -0.108       0.018      -0.076      -0.002      -0.003      -0.009
                                        (0.776)       (0.754)      (0.709)     (0.411)     (0.407)     (0.421)     (0.361)     (0.360)     (0.342)       (0.196)       (0.187)       (0.181)      (0.325)     (0.311)     (0.321)     (0.016)     (0.016)     (0.016)
spi1_born_1m6m_b_avg_neg_int             -0.317        -0.032       -0.023      -0.281      -0.174      -0.220       0.104       0.227       0.182        -0.045        -0.062        -0.014       -0.526     -0.604*     -0.593*      -0.002      -0.002      -0.001
                                        (0.544)       (0.558)      (0.610)     (0.325)     (0.340)     (0.312)     (0.272)     (0.258)     (0.271)       (0.173)       (0.158)       (0.156)      (0.280)     (0.262)     (0.259)     (0.015)     (0.016)     (0.015)
spi1_born_1m6m_b_avg_pos_int              0.795         1.008        1.035      -0.197      -0.248      -0.221      -0.152      -0.132      -0.180        -0.080        -0.083        -0.098       -0.066       0.067       0.093      -0.006      -0.008      -0.007
                                        (0.582)       (0.580)      (0.562)     (0.315)     (0.313)     (0.292)     (0.274)     (0.268)     (0.270)       (0.150)       (0.137)       (0.140)      (0.256)     (0.252)     (0.249)     (0.013)     (0.013)     (0.013)
spi1_born_6m12m_b_avg_neg_int                                                   -0.010       0.047      -0.114      -0.066       0.039      -0.176       -0.374*       -0.396*       -0.408*        0.025      -0.003       0.022       0.010       0.009       0.007
                                                                               (0.349)     (0.339)     (0.317)     (0.306)     (0.311)     (0.297)       (0.183)       (0.174)       (0.166)      (0.282)     (0.288)     (0.305)     (0.013)     (0.012)     (0.012)
spi1_born_6m12m_b_avg_pos_int                                                    0.089       0.042       0.090      -0.429      -0.513      -0.525         0.153         0.135         0.123        0.091       0.102      -0.010      -0.013      -0.014      -0.012
                                                                               (0.343)     (0.327)     (0.334)     (0.290)     (0.278)     (0.289)       (0.162)       (0.158)       (0.151)      (0.277)     (0.271)     (0.273)     (0.014)     (0.012)     (0.013)
spi1_born_12m18m_b_avg_neg_int                                                                                      -0.292      -0.228      -0.364        -0.006        -0.018        -0.054        0.008       0.032      -0.105      -0.013      -0.010      -0.007
                                                                                                                   (0.320)     (0.315)     (0.305)       (0.176)       (0.178)       (0.167)      (0.300)     (0.309)     (0.289)     (0.017)     (0.015)     (0.014)
spi1_born_12m18m_b_avg_pos_int                                                                                       0.065       0.020      -0.025        -0.131        -0.123        -0.128      -0.641*    -0.715**     -0.666*      -0.012      -0.016      -0.016
                                                                                                                   (0.296)     (0.287)     (0.285)       (0.168)       (0.156)       (0.141)      (0.264)     (0.253)     (0.277)     (0.012)     (0.013)     (0.013)
spi1_born_18m24m_b_avg_neg_int                                                                                                                            -0.195        -0.169        -0.171        0.306       0.359       0.311      -0.014      -0.009      -0.011
                                                                                                                                                         (0.172)       (0.170)       (0.152)      (0.307)     (0.298)     (0.304)     (0.017)     (0.017)     (0.017)
spi1_born_18m24m_b_avg_pos_int                                                                                                                             0.269         0.210         0.196       -0.293      -0.277      -0.342      -0.011      -0.008      -0.008
                                                                                                                                                         (0.167)       (0.162)       (0.155)      (0.277)     (0.270)     (0.283)     (0.012)     (0.012)     (0.011)
spi1_born_24m30m_b_avg_neg_int                                                                                                                                                                     -0.061       0.135      -0.018      0.028*       0.023      0.026*
                                                                                                                                                                                                  (0.309)     (0.311)     (0.304)     (0.012)     (0.012)     (0.011)
spi1_born_24m30m_b_avg_pos_int                                                                                                                                                                     -0.143      -0.192      -0.164      -0.021      -0.020      -0.022
                                                                                                                                                                                                  (0.258)     (0.247)     (0.271)     (0.014)     (0.012)     (0.013)
spi1_born_30m36m_b_avg_neg_int                                                                                                                                                                                                         -0.005      -0.003      -0.001
                                                                                                                                                                                                                                      (0.015)     (0.015)     (0.016)
spi1_born_30m36m_b_avg_pos_int                                                                                                                                                                                                          0.004       0.008       0.008
                                                                                                                                                                                                                                      (0.018)     (0.017)     (0.014)
stdm_t_inutero_b_avg_neg_int            -1.548*       -1.304*     -1.622**   -1.489***   -1.540***   -1.509***    -0.828**     -0.816*     -0.792*        -0.246        -0.268        -0.228       -0.569     -0.626*     -0.743*       0.007       0.005       0.002
                                        (0.623)       (0.595)      (0.590)     (0.366)     (0.369)     (0.354)     (0.320)     (0.323)     (0.308)       (0.186)       (0.181)       (0.182)      (0.303)     (0.313)     (0.306)     (0.017)     (0.017)     (0.016)
stdm_t_inutero_b_avg_pos_int           2.337***      2.173***     2.185***      -0.014       0.155       0.048       0.400       0.301       0.296        -0.075        -0.087        -0.107       -0.114       0.026      -0.057       0.002       0.001       0.000
                                        (0.601)       (0.585)      (0.594)     (0.302)     (0.309)     (0.305)     (0.259)     (0.244)     (0.245)       (0.160)       (0.153)       (0.153)      (0.253)     (0.245)     (0.255)     (0.011)     (0.011)     (0.011)
hd40_inutero_b_avg                       -0.111        -0.174        0.038       0.347       0.220       0.275      -0.109      -0.249      -0.139         0.137         0.024         0.035        0.290       0.205       0.199      -0.002      -0.002      -0.004
                                        (0.386)       (0.355)      (0.324)     (0.182)     (0.166)     (0.144)     (0.177)     (0.150)     (0.142)       (0.098)       (0.094)       (0.100)      (0.168)     (0.158)     (0.151)     (0.009)     (0.008)     (0.005)
fd_inutero_b_avg                        397.975      393.872*      279.324      -9.765      -7.774      -0.251     149.329     102.122      80.240      -607.400     -376.468*     -237.101*        7.979     -35.414     -34.280      -0.014       0.024       0.044
                                      (318.216)     (198.463)    (183.347)    (22.380)     (9.593)     (4.094)   (196.006)   (149.569)   (126.198)     (376.776)     (154.867)      (97.439)     (11.995)    (38.657)    (40.830)     (0.126)     (0.066)     (0.066)
stdm_t_born_1m6m_b_avg_neg_int           -1.069        -0.928       -0.965      -0.500      -0.514     -0.557*     -0.580*     -0.645*     -0.620*        -0.241        -0.175        -0.199        0.011       0.157       0.048     -0.031*      -0.026      -0.026
                                        (0.555)       (0.533)      (0.544)     (0.319)     (0.315)     (0.284)     (0.290)     (0.281)     (0.263)       (0.152)       (0.152)       (0.162)      (0.264)     (0.266)     (0.257)     (0.015)     (0.014)     (0.014)
stdm_t_born_1m6m_b_avg_pos_int           1.041*        1.107*       1.133*       0.169       0.300       0.238       0.278       0.278       0.262        -0.031        -0.033        -0.030       -0.200      -0.210      -0.133       0.025       0.021       0.024
                                        (0.470)       (0.461)      (0.496)     (0.255)     (0.257)     (0.267)     (0.225)     (0.225)     (0.239)       (0.130)       (0.129)       (0.115)      (0.220)     (0.210)     (0.216)     (0.015)     (0.013)     (0.015)
hd40_born_1m6m_b_avg                      0.022        -0.177       -0.168       0.084       0.031       0.138      -0.105      -0.022      -0.023        -0.008        -0.004         0.038        0.075       0.100       0.062       0.003      -0.000       0.001
                                        (0.294)       (0.268)      (0.250)     (0.137)     (0.133)     (0.126)     (0.139)     (0.126)     (0.122)       (0.068)       (0.070)       (0.074)      (0.125)     (0.115)     (0.118)     (0.009)     (0.008)     (0.011)
fd_born_1m6m_b_avg                      -25.585   -104.450***    -70.555**     -18.899     -10.871      -8.366      -5.147     -17.730     -22.852   -589.928***   -170.797***   -120.312***        0.822       1.153       4.837      -0.054      -0.043      -0.042
                                       (28.178)      (24.869)     (25.899)    (27.925)     (8.748)     (5.850)    (13.293)    (17.002)    (22.563)      (30.989)       (9.973)       (8.272)     (10.725)     (2.602)     (4.536)     (0.073)     (0.033)     (0.033)
stdm_t_born_6m12m_b_avg_neg_int                                                -0.886*     -0.695*     -0.703*     -0.648*      -0.502      -0.502        -0.016        -0.006         0.006       -0.044      -0.117      -0.167       0.016       0.020       0.021
                                                                               (0.344)     (0.340)     (0.335)     (0.298)     (0.301)     (0.311)       (0.170)       (0.167)       (0.163)      (0.282)     (0.282)     (0.293)     (0.016)     (0.016)     (0.015)
stdm_t_born_6m12m_b_avg_pos_int                                                0.806**     0.696**       0.568       0.090       0.077      -0.040        -0.050        -0.020        -0.028       -0.007       0.063       0.020       0.008       0.009       0.009
                                                                               (0.273)     (0.262)     (0.292)     (0.235)     (0.225)     (0.208)       (0.136)       (0.131)       (0.130)      (0.224)     (0.226)     (0.236)     (0.010)     (0.010)     (0.010)
hd40_born_6m12m_b_avg                                                           -0.128      -0.132      -0.053       0.009      -0.078       0.070       0.229**         0.103        0.142*        0.220       0.165       0.176      -0.002      -0.001      -0.004
                                                                               (0.146)     (0.140)     (0.147)     (0.149)     (0.148)     (0.140)       (0.076)       (0.071)       (0.072)      (0.135)     (0.128)     (0.111)     (0.002)     (0.003)     (0.003)
fd_born_6m12m_b_avg                                                            -53.672     -13.991     -18.684      37.723      33.874      30.600       170.948        56.691        60.640      -25.135      82.791      88.251       0.117       0.088       0.091
                                                                              (44.511)    (12.142)    (15.164)    (58.120)    (46.367)    (39.481)     (263.779)     (119.132)      (91.760)     (23.669)   (103.792)   (106.187)     (0.079)     (0.070)     (0.061)
stdm_t_born_12m18m_b_avg_neg_int                                                                                    -0.516     -0.656*     -0.676*        -0.196        -0.227        -0.240     -0.799**    -0.813**    -0.831**      -0.005      -0.006      -0.008
                                                                                                                   (0.318)     (0.296)     (0.308)       (0.177)       (0.161)       (0.164)      (0.295)     (0.292)     (0.292)     (0.018)     (0.018)     (0.017)
stdm_t_born_12m18m_b_avg_pos_int                                                                                   0.664**     0.651**     0.642**         0.172         0.154         0.155       -0.104      -0.052      -0.049    -0.030**    -0.030**    -0.026**
                                                                                                                   (0.220)     (0.216)     (0.214)       (0.131)       (0.137)       (0.134)      (0.214)     (0.213)     (0.222)     (0.010)     (0.010)     (0.010)
hd40_born_12m18m_b_avg                                                                                              -0.090      -0.057      -0.082        -0.034        -0.040         0.019        0.256       0.249       0.239       0.008       0.003       0.006
                                                                                                                   (0.144)     (0.132)     (0.134)       (0.078)       (0.069)       (0.068)      (0.137)     (0.130)     (0.124)     (0.006)     (0.007)     (0.006)
fd_born_12m18m_b_avg                                                                                                19.245      48.470      63.432   -325.592***        83.953        95.500       10.200      19.660      22.409       0.052       0.032       0.034
                                                                                                                  (58.040)    (60.488)    (69.933)      (22.898)      (58.694)      (52.797)      (6.222)    (19.180)    (21.880)     (0.084)     (0.038)     (0.041)
stdm_t_born_18m24m_b_avg_neg_int                                                                                                                       -0.628***      -0.591**      -0.577**       -0.294      -0.390      -0.416      -0.005      -0.008      -0.005
                                                                                                                                                         (0.180)       (0.184)       (0.178)      (0.296)     (0.292)     (0.278)     (0.021)     (0.021)     (0.019)
stdm_t_born_18m24m_b_avg_pos_int                                                                                                                          0.276*        0.249*         0.264        0.320       0.401       0.351      -0.009      -0.007      -0.007
                                                                                                                                                         (0.127)       (0.126)       (0.140)      (0.208)     (0.205)     (0.203)     (0.009)     (0.010)     (0.010)
hd40_born_18m24m_b_avg                                                                                                                                     0.115         0.030         0.052       -0.112      -0.168      -0.182       0.002       0.004      -0.000
                                                                                                                                                         (0.077)       (0.078)       (0.060)      (0.137)     (0.120)     (0.123)     (0.008)     (0.005)     (0.006)
fd_born_18m24m_b_avg                                                                                                                                      91.459       -22.485       -20.190      -45.655     -16.646     -24.923      -0.083     -0.137*     -0.133*
                                                                                                                                                        (93.621)      (16.288)      (21.727)     (49.456)    (24.660)    (30.174)     (0.087)     (0.062)     (0.060)
stdm_t_born_24m30m_b_avg_neg_int                                                                                                                                                                   -0.514      -0.475      -0.529      -0.015      -0.003      -0.007
                                                                                                                                                                                                  (0.298)     (0.308)     (0.314)     (0.021)     (0.020)     (0.019)
stdm_t_born_24m30m_b_avg_pos_int                                                                                                                                                                 0.923***    1.030***    0.943***       0.003       0.002       0.003
                                                                                                                                                                                                  (0.201)     (0.201)     (0.203)     (0.011)     (0.011)     (0.011)
hd40_born_24m30m_b_avg                                                                                                                                                                             -0.177      -0.186      -0.148      -0.002      -0.009      -0.006
                                                                                                                                                                                                  (0.128)     (0.120)     (0.123)     (0.005)     (0.008)     (0.006)
fd_born_24m30m_b_avg                                                                                                                                                                           -10.252***   -8.381***    -10.459*      -0.003       0.024       0.026
                                                                                                                                                                                                  (1.059)     (2.525)     (4.361)     (0.054)     (0.044)     (0.041)
stdm_t_born_30m36m_b_avg_neg_int                                                                                                                                                                                                       -0.017      -0.004      -0.004
                                                                                                                                                                                                                                      (0.022)     (0.021)     (0.021)
stdm_t_born_30m36m_b_avg_pos_int                                                                                                                                                                                                        0.004      -0.001       0.001
                                                                                                                                                                                                                                      (0.009)     (0.008)     (0.007)
hd40_born_30m36m_b_avg                                                                                                                                                                                                                 0.009*       0.013       0.010
                                                                                                                                                                                                                                      (0.005)     (0.007)     (0.006)
fd_born_30m36m_b_avg                                                                                                                                                                                                                    0.014      -0.013      -0.007
                                                                                                                                                                                                                                      (0.039)     (0.022)     (0.022)
child_fem                             -9.860***     -9.886***    -9.995***   -1.077***   -1.067***   -1.087***   -0.709***   -0.686***   -0.674***       -0.172*       -0.187*       -0.187*    -0.674***   -0.714***   -0.724***       0.015       0.014       0.014
                                        (0.308)       (0.305)      (0.329)     (0.175)     (0.174)     (0.179)     (0.148)     (0.144)     (0.145)       (0.082)       (0.081)       (0.082)      (0.143)     (0.142)     (0.135)     (0.009)     (0.008)     (0.007)
child_mulbirth                       152.583***    152.461***   152.495***   20.130***   20.039***   19.634***    9.778***    9.742***    9.720***      1.617***      1.612***      1.556***     5.025***    5.172***    5.315***       0.019       0.016       0.014
                                        (2.272)       (2.469)      (2.871)     (1.044)     (1.091)     (1.072)     (0.785)     (0.783)     (0.882)       (0.384)       (0.371)       (0.364)      (0.651)     (0.638)     (0.645)     (0.035)     (0.034)     (0.031)
birth_order                            4.353***      4.502***     4.625***    1.802***    1.837***    1.890***    1.501***    1.559***    1.597***      0.195***      0.181***      0.205***     0.789***    0.753***    0.732***     0.015**     0.015**     0.016**
                                        (0.190)       (0.201)      (0.235)     (0.100)     (0.103)     (0.105)     (0.088)     (0.088)     (0.099)       (0.047)       (0.048)       (0.051)      (0.077)     (0.074)     (0.076)     (0.005)     (0.005)     (0.005)
rural                                     0.511         1.060       1.278*       0.313      0.680*     0.779**      0.626*     0.687**    0.861***        -0.022         0.064         0.051       0.441*     0.544**    0.755***       0.022       0.015       0.014
                                        (0.563)       (0.544)      (0.517)     (0.298)     (0.282)     (0.259)     (0.247)     (0.234)     (0.217)       (0.147)       (0.135)       (0.133)      (0.217)     (0.207)     (0.198)     (0.011)     (0.011)     (0.009)
d_weatlh_ind_2                         -1.599**      -1.592**     -1.806**      -0.511      -0.425      -0.360      -0.437      -0.415      -0.315        -0.187        -0.156        -0.142      -0.592*     -0.582*     -0.511*      -0.004      -0.004      -0.006
                                        (0.556)       (0.549)      (0.625)     (0.307)     (0.283)     (0.289)     (0.261)     (0.255)     (0.262)       (0.141)       (0.144)       (0.151)      (0.252)     (0.247)     (0.255)     (0.009)     (0.010)     (0.009)
d_weatlh_ind_3                        -4.406***     -4.391***    -4.520***    -0.935**    -0.908**    -0.854**   -1.107***   -1.149***   -1.022***       -0.329*        -0.257        -0.204    -1.122***   -1.252***   -1.273***       0.014       0.020       0.015
                                        (0.608)       (0.610)      (0.699)     (0.331)     (0.305)     (0.313)     (0.281)     (0.278)     (0.288)       (0.154)       (0.148)       (0.162)      (0.271)     (0.270)     (0.301)     (0.013)     (0.014)     (0.014)
d_weatlh_ind_4                        -6.544***     -6.739***    -7.029***   -1.878***   -1.836***   -1.860***   -1.696***   -1.750***   -1.590***      -0.487**       -0.369*        -0.303    -1.951***   -2.205***   -2.192***       0.015       0.017       0.014
                                        (0.685)       (0.684)      (0.789)     (0.366)     (0.340)     (0.375)     (0.309)     (0.287)     (0.292)       (0.169)       (0.160)       (0.168)      (0.286)     (0.305)     (0.318)     (0.015)     (0.016)     (0.014)
d_weatlh_ind_5                       -11.522***    -12.023***   -12.284***   -3.591***   -3.706***   -3.915***   -2.911***   -3.016***   -2.970***     -1.130***     -1.070***     -1.055***    -3.180***   -3.558***   -3.613***       0.006       0.003       0.003
                                        (0.794)       (0.846)      (0.971)     (0.433)     (0.387)     (0.426)     (0.357)     (0.337)     (0.359)       (0.202)       (0.197)       (0.203)      (0.321)     (0.365)     (0.395)     (0.018)     (0.021)     (0.018)
mother_ageb                          -22.287***    -22.677***   -22.688***   -2.689***   -2.830***   -2.908***    -1.543**    -1.563**   -1.650***        -0.117        -0.153        -0.122     -1.321**    -1.338**    -1.462**      -0.024      -0.018      -0.017
                                        (1.116)       (1.087)      (1.169)     (0.562)     (0.563)     (0.542)     (0.515)     (0.488)     (0.477)       (0.274)       (0.284)       (0.261)      (0.480)     (0.471)     (0.510)     (0.023)     (0.023)     (0.022)
mother_ageb_squ                        0.632***      0.647***     0.645***     0.068**    0.074***    0.076***       0.029       0.029       0.032        -0.000         0.001         0.000        0.031       0.031       0.036       0.001       0.001       0.001
                                        (0.041)       (0.040)      (0.042)     (0.021)     (0.021)     (0.020)     (0.019)     (0.018)     (0.018)       (0.010)       (0.011)       (0.010)      (0.018)     (0.017)     (0.019)     (0.001)     (0.001)     (0.001)
mother_ageb_cub                       -0.006***     -0.006***    -0.006***     -0.001*     -0.001*    -0.001**      -0.000      -0.000      -0.000         0.000         0.000         0.000       -0.000      -0.000      -0.000      -0.000      -0.000      -0.000
                                        (0.000)       (0.000)      (0.000)     (0.000)     (0.000)     (0.000)     (0.000)     (0.000)     (0.000)       (0.000)       (0.000)       (0.000)      (0.000)     (0.000)     (0.000)     (0.000)     (0.000)     (0.000)
mother_eduy                           -1.162***     -1.194***    -1.240***   -0.285***   -0.345***   -0.377***   -0.428***   -0.496***   -0.536***         0.045         0.024         0.028    -0.379***   -0.435***   -0.497***      -0.000       0.000       0.000
                                        (0.125)       (0.132)      (0.138)     (0.068)     (0.071)     (0.073)     (0.059)     (0.056)     (0.066)       (0.031)       (0.031)       (0.032)      (0.052)     (0.054)     (0.061)     (0.003)     (0.003)     (0.003)
mother_eduy_squ                        0.051***      0.053***     0.059***       0.007      0.011*      0.013*    0.016***    0.021***    0.024***     -0.009***     -0.008***     -0.008***     0.015***    0.019***    0.022***       0.000      -0.000       0.000
                                        (0.009)       (0.010)      (0.010)     (0.005)     (0.005)     (0.005)     (0.004)     (0.004)     (0.005)       (0.002)       (0.002)       (0.002)      (0.004)     (0.004)     (0.004)     (0.000)     (0.000)     (0.000)
mother_eduy_cub                       -0.000***     -0.000***    -0.000***      -0.000      -0.000      -0.000    -0.000**   -0.000***   -0.000***      0.000***      0.000***      0.000***    -0.000***   -0.000***   -0.000***      -0.000       0.000      -0.000
                                        (0.000)       (0.000)      (0.000)     (0.000)     (0.000)     (0.000)     (0.000)     (0.000)     (0.000)       (0.000)       (0.000)       (0.000)      (0.000)     (0.000)     (0.000)     (0.000)     (0.000)     (0.000)
---------------------------------------------------------------------------------------------------------------------------------------------------------------------------------------------------------------------------------------------------------------------
ID_cell1 & chb_year Fixed Effects           Yes                                    Yes                                 Yes                                   Yes                                      Yes                                 Yes                        
ID_cell1 & chb_month Fixed Effects          Yes                                    Yes                                 Yes                                   Yes                                      Yes                                 Yes                        
ID_cell2 & chb_year Fixed Effects                         Yes                                  Yes                                 Yes                                     Yes                                    Yes                                 Yes            
ID_cell2 & chb_month Fixed Effects                        Yes                                  Yes                                 Yes                                     Yes                                    Yes                                 Yes            
ID_cell3 & chb_year Fixed Effects                                      Yes                                 Yes                                 Yes                                       Yes                                  Yes                                 Yes
ID_cell3 & chb_month Fixed Effects                                     Yes                                 Yes                                 Yes                                       Yes                                  Yes                                 Yes
---------------------------------------------------------------------------------------------------------------------------------------------------------------------------------------------------------------------------------------------------------------------
N                                     2,001,675     2,005,728    2,006,718   1,910,306   1,914,605   1,915,977   1,884,767   1,889,130   1,890,536     1,866,068     1,870,501     1,871,920    1,860,321   1,864,780   1,866,207   1,844,200   1,848,725   1,850,182
R2                                        0.089         0.054        0.038       0.070       0.037       0.020       0.072       0.036       0.020         0.061         0.027         0.012        0.076       0.039       0.021       0.068       0.021       0.007
Within-R2                                 0.018         0.019        0.019       0.001       0.001       0.002       0.001       0.001       0.001         0.000         0.000         0.000        0.001       0.001       0.001       0.000       0.000       0.000
---------------------------------------------------------------------------------------------------------------------------------------------------------------------------------------------------------------------------------------------------------------------

